4
1 559 793
2 325 874
3 831 532
4 148 737
5 384 99
6 265 634
7 320 660
8 611 223
9 44 815
10 545 895
11 165 951
12 265 634
13 831 532
14 0 0
15 849 774
16 265 634
17 412 67
18 831 532
19 148 481
20 -1 -1
1 250 920
2 21 21
3 40 298
4 35 24
5 624 624
6 315 267
7 605 558
8 718 574
9 624 624
10 642 24
11 710 710
12 783 767
13 791 791
14 50 50
15 802 802
16 155 685
17 655 994
18 754 165
19 0 630
20 0 0
21 239 43
22 592 272
23 624 863
24 932 412
25 95 761
26 512 512
27 676 42
28 882 882
29 0 0
30 -1 -1
1 16 16
2 13 490
3 495 161
4 349 349
5 -1 827
6 373 659
7 -1 -1
1 1802 1152
2 486 220
3 201 687
4 107 1218
5 731 448
6 175 429
7 1445 68
8 782 1064
9 133 326
10 802 528
11 233 1440
12 1675 477
13 965 1468
14 1443 114
15 1630 1236
16 294 806
17 1342 1121
18 1573 341
19 104 1382
20 1105 1101
21 1370 1053
22 777 610
23 1349 1050
24 1179 417
25 1802 289
26 1190 64
27 63 787
28 1481 1354
29 1700 1103
30 632 639
31 1870 574
32 1185 1392
33 1291 335
34 436 1371
35 687 435
36 244 239
37 135 135
38 159 313
39 1322 1484
40 503 449
41 135 135
42 1663 945
43 1563 995
44 787 1418
45 894 185
46 1724 967
47 135 135
48 575 1411
49 1140 305
50 1335 458
51 318 749
52 978 1337
53 563 63
54 1321 1321
55 706 1056
56 1221 761
57 659 659
58 256 401
59 1840 1276
60 -1 -1
